1176.82397461,551.027832031,1169.40087891,662.349243164,1184.95556641,663.386474609,1192.37866211,552.065063477 LINN
1208.69372559,511.357971191,1197.51623535,718.628601074,1225.48156738,720.136657715,1236.65905762,512.866027832 不伤宝宝小手
455.433380127,27.2808685303,514.028564453,26.2329711914,515.49206543,108.072067261,456.896942139,109.1199646 频道
503.053466797,21.3377380371,495.935943604,149.415023804,546.980224609,152.251678467,554.09777832,24.1743927002 抢红包
28.6868076324,75.1254959106,69.5853500366,74.4763946533,70.6921463013,144.212524414,29.7936038971,144.861633301 秒杀
77.8072967529,44.0707244873,77.02684021,173.536590576,121.44303894,173.804336548,122.223495483,44.338470459 格林盈璐
121.428939819,622.243103027,130.179397583,712.160461426,163.000106812,708.966491699,154.249649048,619.049133301 厚0.5
173.130706787,618.746826172,182.671173096,768.450317383,220.081817627,766.066162109,210.541351318,616.362670898 不宜展示
1092.90795898,170.87071228,1119.26806641,170.586685181,1119.6652832,207.450149536,1093.30517578,207.734176636 抢>
1126.57128906,166.661804199,1144.48852539,166.443389893,1144.95166016,204.424743652,1127.03442383,204.643157959 CA
1160.2869873,170.839736938,1161.63024902,271.063354492,1190.12805176,270.681396484,1188.78479004,170.457794189 滚珠轴承
1032.65771484,31.4017868042,1119.34057617,35.7973251343,1117.88500977,64.5022201538,1031.20214844,60.1066818237 TART
393.941040039,31.4886322021,509.168945312,30.4488067627,509.74621582,94.4217224121,394.518310547,95.4615478516 萌娃
156.848388672,13.6615772247,272.642333984,9.85530090332,275.073791504,83.8247833252,159.279846191,87.6310577393 cm
72.5509490967,616.018310547,84.4142456055,725.970703125,116.077346802,722.554443359,104.214050293,612.602050781 企业店铺
103.793083191,611.80682373,115.813972473,719.238464355,136.231414795,716.953918457,124.210517883,609.522277832 SINCE
1059.97875977,128.99130249,1081.04443359,128.981750488,1081.06005859,163.538116455,1059.99438477,163.547668457 免费
1082.98828125,127.350830078,1103.9597168,192.445770264,1081.12280273,191.784637451,1105.82519531,128.011962891 吸力很大，
1105.07678223,127.928565979,1105.62658691,177.369552612,1127.74743652,177.123565674,1127.19763184,127.682571411 小安素
1127.18005371,127.92048645,1147.18200684,127.685897827,1147.56506348,160.352645874,1127.56311035,160.587234497 益智
1147.58508301,127.956436157,1150.10095215,224.799209595,1166.51916504,224.372695923,1164.0032959,127.529922485 EFFECT
1046.80847168,11.5071115494,1066.67126465,5.91175842285,1082.02844238,60.4278030396,1062.16564941,66.0231552124 OF
1074.43969727,15.572722435,1095.92138672,88.0971984863,1120.79614258,80.729309082,1099.31445312,8.20483398438 编著
663.966796875,62.3856925964,739.309570312,60.7222976685,740.102539062,96.6394042969,664.759765625,98.3028030396 口气
209.533294678,102.335090637,363.927154541,91.272644043,366.776397705,131.038604736,212.382537842,142.101043701 早该这样打拼
147.257354736,615.636230469,180.443756104,614.761352539,181.997650146,673.706054688,148.811248779,674.580932617 舒适
188.021942139,607.458496094,218.022369385,605.110351562,222.699554443,664.865600586,192.699127197,667.213745117 5热
225.967544556,605.331726074,231.100387573,672.910095215,251.322494507,671.374084473,246.189651489,603.795715332 14%
1156.65344238,297.076599121,1218.27331543,297.028503418,1218.2923584,321.32244873,1156.67248535,321.370544434 Size
812.087768555,88.5670852661,856.824462891,80.9204406738,874.448608398,184.030670166,829.711914062,191.677307129 官网
697.602111816,32.2362098694,718.647277832,31.7955436707,719.15411377,55.9997062683,698.108947754,56.440372467 Ps
729.14251709,35.1390266418,729.847229004,158.374954224,762.072692871,158.190689087,761.367980957,34.9547576904 非实价/图
761.960510254,23.170583725,790.167785645,22.5101852417,791.431945801,76.5073928833,763.22467041,77.1677932739 e步
290.414215088,9.81129455566,285.329193115,130.05140686,303.000030518,130.798721313,308.08505249,10.5586090088 wildkirs
315.204406738,66.9863967896,335.218811035,66.3762741089,336.474182129,107.55783844,316.459777832,108.167961121 中國
341.925262451,14.326461792,340.639984131,177.162689209,364.183746338,177.34854126,365.469024658,14.5123138428 石英石+爱格门板
101.153533936,683.792114258,170.82144165,684.536743164,170.529876709,711.813476562,100.861968994,711.068847656 2509
1031.42285156,182.454818726,1034.18481445,258.650695801,1048.9230957,258.116455078,1046.16113281,181.920593262 已有男友
1061.41247559,184.522293091,1082.50964355,184.301071167,1082.86437988,218.120162964,1061.76721191,218.341384888 影驰
1087.72412109,179.263244629,1099.32177734,179.136199951,1099.6105957,205.500305176,1088.01293945,205.627349854 BY
1111.31848145,182.494171143,1113.72497559,277.617614746,1136.53747559,277.040496826,1134.13098145,181.917053223 加我可以领取
739.417053223,153.153030396,760.199890137,150.750961304,769.241394043,228.979293823,748.458557129,231.381362915 12
787.562255859,158.275497437,806.739746094,280.732788086,831.178588867,276.905517578,812.001098633,154.44821167 82%
837.961975098,151.149627686,857.608947754,148.10055542,867.207092285,209.947570801,847.560119629,212.996643066 ez
38.6056976318,101.660171509,142.534225464,102.565994263,142.254135132,134.702636719,38.3256034851,133.796813965 嘉嘉通讯
56.4230422974,564.961547852,123.890220642,561.254394531,125.485832214,590.292724609,58.0186538696,593.99987793 you
1120.09765625,249.603012085,1216.21655273,248.245056152,1216.60327148,275.621520996,1120.484375,276.979492188 满分作文
