375.79888916,2.21887874603,595.29284668,1.15119171143,595.608764648,66.102142334,376.114807129,67.1698303223 红包抵现
156.066131592,29.8371505737,295.560577393,20.5719451904,297.779449463,53.9784698486,158.285003662,63.2436752319 MAGIC
39.391998291,643.663269043,130.029098511,644.581115723,129.768478394,670.318908691,39.1313781738,669.401062012 多姿植物
1042.53015137,195.038650513,1043.04260254,247.719894409,1055.71105957,247.596633911,1055.1986084,194.915390015 ME2
1069.99780273,198.164398193,1070.89648438,286.806488037,1095.16845703,286.560394287,1094.26977539,197.918304443 搭配购买
1095.11804199,180.308563232,1096.5345459,311.076141357,1120.84729004,310.812774658,1119.43078613,180.045196533 眼睛鼻子工具
1122.69433594,194.986328125,1123.31713867,248.743347168,1135.98681641,248.596557617,1135.36401367,194.839538574 A/C
1147.49047852,197.073120117,1147.5559082,284.420471191,1175.00170898,284.399902344,1174.9362793,197.05255127 元升电子
926.027587891,81.0826873779,1024.8425293,535.350891113,1063.55566406,526.929748535,964.740722656,72.6615600586 100%日本本土原装进口
657.699768066,122.186813354,684.511535645,163.111709595,658.131530762,163.388168335,684.079772949,121.910354614 尺寸：
681.806335449,25.4506340027,687.574645996,251.808578491,703.257629395,251.408920288,697.489318848,25.0509796143 Tel：15999559069
712.422607422,106.672302246,741.021240234,189.223510742,714.125976562,189.774810791,739.317871094,106.121002197 定制热线：
127.328208923,66.7432022095,305.753479004,61.2018966675,307.029754639,102.297264099,128.604492188,107.838569641 百梦多
78.9124603271,632.70916748,105.552780151,629.514587402,111.951293945,682.872253418,85.3109741211,686.066833496 CE
122.206512451,608.869445801,131.179748535,703.290710449,169.683410645,699.631530762,160.710174561,605.210266113 爱劳动
167.218597412,603.114562988,205.480438232,692.687561035,175.8125,695.448913574,196.886535645,600.353210449 45ml
219.134262085,633.650085449,259.12902832,630.506408691,263.741882324,689.191955566,223.747116089,692.335632324 音乐
391.824707031,94.8982925415,552.757141113,79.9374542236,556.726135254,122.631523132,395.793701172,137.59236145 pnnted
14.7108573914,31.0739212036,113.084823608,29.4557723999,114.111465454,91.8695831299,15.7374992371,93.4877319336 新品
190.430374146,637.816650391,218.168655396,635.627197266,223.083450317,697.891845703,195.345169067,700.081298828 之声
221.469711304,634.820129395,226.75718689,708.288269043,246.897903442,706.838806152,241.610427856,633.370666504 UTC
253.047088623,635.447937012,282.429412842,633.686706543,286.095672607,694.851623535,256.713348389,696.612854004 环球
1051.34753418,123.769134521,1154.7677002,123.725753784,1154.77868652,149.886901855,1051.35852051,149.930282593 挪威直邮
811.498962402,148.370147705,829.437316895,265.652801514,850.581237793,262.41885376,832.642883301,145.136199951 双面4丝
833.710876465,144.854812622,842.816711426,188.971908569,851.297302246,187.221511841,842.191467285,143.104415894 37
858.250061035,146.275299072,879.313415527,252.254058838,899.986999512,248.145172119,878.92364502,142.166412354 360°
886.76550293,152.502090454,906.708007812,148.91355896,918.327880859,213.488265991,898.385375977,217.076797485 年终
909.413085938,149.096298218,927.928833008,253.473556519,940.132080078,251.308792114,921.616333008,146.931533813 120ml
936.277709961,155.480911255,956.19543457,151.40071106,969.604858398,216.859695435,949.687133789,220.93989563 少年
957.039001465,152.210693359,976.495544434,227.349243164,987.442932129,224.51449585,967.98638916,149.375946045 3.6mm
846.597839355,253.306884766,709.426208496,777.858276367,745.805480957,787.371582031,882.977111816,262.82019043 微信号：wy178178178
855.52935791,387.911560059,816.926086426,563.447937012,851.534484863,571.058837891,890.137756348,395.522460938 箱深8cm
721.405883789,9.51037693024,750.435791016,8.84918212891,751.827270508,69.9426574707,722.797363281,70.6038513184 BB
762.950622559,13.8875570297,773.506286621,180.005554199,826.322814941,176.649414062,815.767150879,10.5314178467 实物拍摄
294.639160156,22.7466220856,314.614135742,22.6787338257,314.760131836,65.632019043,294.78515625,65.6999053955 JL
330.082244873,29.0782737732,332.855010986,125.140029907,374.054229736,123.950820923,371.281463623,27.8890686035 去异味
84.1939544678,575.376708984,116.736618042,572.299560547,126.264190674,673.061035156,93.7215270996,676.138183594 45
155.121307373,582.24786377,219.226654053,579.33795166,225.187957764,710.666442871,161.082611084,713.57635498 刻字
1127.51477051,246.496520996,1128.0958252,296.170227051,1139.7244873,296.034179688,1139.14343262,246.360473633 5.5
1150.7130127,246.481674194,1151.64489746,318.474060059,1173.8416748,318.186706543,1172.90979004,246.194335938 9.8元
1174.53405762,248.571136475,1174.58874512,315.015960693,1198.89807129,314.995941162,1198.84338379,248.551116943 馨菊花
1198.27648926,248.555358887,1198.46643066,360.500396729,1221.18786621,360.461853027,1220.9979248,248.516815186 追求无止境
663.134033203,16.2906570435,704.162963867,82.5949020386,664.479736328,83.3907699585,702.817260742,15.4947891235 旺旺：
718.036254883,16.0966186523,721.517456055,135.717681885,767.264648438,134.386352539,763.783447266,14.7652893066 红水晶
32.114364624,105.071807861,181.891174316,104.140991211,182.082183838,134.876983643,32.3053741455,135.807800293 TNMA160412
46.9128646851,669.825744629,184.045806885,667.81427002,184.660064697,709.691345215,47.5271224976,711.702819824 工厂直销
1028.15588379,152.675521851,1125.33312988,150.479629517,1125.86462402,173.995132446,1028.68737793,176.19102478 稳固结实
1051.01586914,0.36942961812,1234.10693359,-0.366996765137,1234.30834961,49.7284736633,1051.21728516,50.4649009705 进口头层牛皮
