792.373657227,255.7578125,758.838256836,389.08001709,785.034423828,395.669311523,818.569824219,262.347106934 88：88
840.099914551,249.078125,804.913146973,403.793518066,839.633972168,411.690002441,874.820739746,256.974609375 紧致舒缓
707.850708008,42.5943603516,805.167480469,37.4876403809,807.032836914,73.0350646973,709.716064453,78.141784668 MODLE
169.188186646,652.500671387,187.631088257,652.293273926,188.161270142,699.433288574,169.71836853,699.640686035 +V
211.272796631,632.615478516,218.086639404,773.920288086,258.08291626,771.991577148,251.269073486,630.686767578 精品棉袜
1050.40539551,135.272994995,1051.27526855,225.699234009,1075.53649902,225.465866089,1074.66662598,135.039627075 品质保障
1079.87536621,135.261810303,1103.04968262,135.005310059,1103.5279541,178.206481934,1080.3536377,178.462982178 大地
1111.47497559,135.249542236,1112.50842285,226.750854492,1134.66809082,226.500579834,1133.63464355,134.999267578 百花鲜萃
1142.16040039,132.099136353,1159.00756836,132.091415405,1159.02294922,165.598678589,1142.17578125,165.606399536 AL
1171.40881348,131.042190552,1196.66955566,130.697738647,1197.27380371,175.014968872,1172.01306152,175.359420776 1桶
1203.68322754,133.122009277,1203.71960449,200.192138672,1219.52429199,200.183563232,1219.48791504,133.113433838 OINT
1060.0670166,465.186157227,1083.82312012,467.811950684,1079.27722168,508.939819336,1055.52111816,506.314025879 10
391.467163086,10.5968894958,567.111999512,7.64075088501,568.007263184,60.8344917297,392.362426758,63.7906303406 GOLF
12.8574047089,33.5263061523,47.0403442383,32.9612121582,48.2945861816,108.831695557,14.1116428375,109.396789551 现货
52.7787322998,32.3495483398,51.7317962646,252.55859375,89.3975982666,252.737670898,90.4445343018,32.5286254883 多种组合背法
53.6492385864,621.233459473,68.6098251343,619.401184082,73.1310882568,656.317321777,58.170501709,658.149597168 39
79.0193939209,624.528320312,89.9122314453,715.607299805,113.134597778,712.829956055,102.241760254,621.750976562 全国包邮
109.657196045,620.102844238,117.082000732,707.264831543,140.638946533,705.258117676,133.214141846,618.096130371 元大礼包
142.094268799,619.392700195,144.730895996,685.153076172,161.291717529,684.489135742,158.655090332,618.728759766 80kg
1053.4251709,229.705612183,1173.04553223,229.632019043,1173.0670166,264.375427246,1053.44665527,264.449035645 免费设计
1044.04138184,0.58801651001,1172.3614502,12.0010108948,1168.88684082,51.0672454834,1040.56677246,39.6542510986 DCRCOE
409.118927002,72.7142410278,516.913574219,71.0471191406,517.772583008,126.590171814,409.977935791,128.257293701 数量
262.946838379,52.3492088318,263.473266602,145.473114014,305.153625488,145.237487793,304.627197266,52.1135864258 买一送一
303.422668457,48.6828765869,306.468688965,175.989120483,325.756408691,175.527633667,322.710388184,48.2213897705 2017
59.3642883301,673.057617188,181.92578125,677.458496094,180.90524292,705.879638672,58.3437576294,701.478759766 标准日本语
1167.03857422,280.496643066,1164.40356445,408.221679688,1200.27099609,408.961669922,1202.90600586,281.236633301 严防静电
1202.56298828,281.215209961,1202.63916016,383.796325684,1231.20361328,383.775146484,1231.12744141,281.194030762 SALE
953.34185791,42.3532791138,1018.71624756,71.9094772339,1003.38568115,105.818595886,938.011291504,76.2623977661 包邮
1034.73815918,520.553649902,1116.82678223,482.630554199,1129.14538574,509.295227051,1047.0567627,547.218322754 杨子
650.951293945,64.784866333,657.104492188,405.612518311,674.682373047,405.295166016,668.529174805,64.4675292969 QQ:2450629730
689.149414062,169.423965454,691.57043457,286.460906982,719.467529297,285.883850098,717.046508789,168.846893311 95毫米
23.9281139374,10.0382671356,38.2052841187,111.039894104,73.5998077393,106.03666687,59.3226394653,5.03504180908 12V
91.9883728027,9.80288410187,117.957519531,8.91946411133,120.266021729,76.7802429199,94.296875,77.6636657715 IC
35.2677841187,570.504760742,143.866882324,567.539672852,144.814361572,602.242431641,36.2152786255,605.207519531 美白日霜
1071.14294434,196.695770264,1198.64294434,199.165710449,1198.02331543,231.15322876,1070.52331543,228.683288574 凯盛美科技
776.280578613,122.534469604,841.886657715,126.334976196,838.863708496,178.518203735,773.257629395,174.717697144 包邮
639.849121094,53.626750946,640.637084961,94.3299789429,653.737060547,94.0763702393,652.94909668,53.3731460571 LCH
666.737792969,58.251121521,671.449707031,164.00163269,695.140991211,162.946014404,690.429077148,57.1955108643 零风险购物
121.575309753,6.99779176712,122.623283386,95.9092178345,148.75088501,95.6012496948,147.702911377,6.68982696533 新升音响
149.712738037,5.76354503632,150.515319824,90.9574127197,176.80657959,90.7097320557,176.003997803,5.51586151123 快速发货
163.77961731,601.880493164,169.644546509,666.251831055,179.606613159,665.344238281,173.74168396,600.972900391 Intel
186.814315796,596.335876465,205.825088501,647.758117676,191.406570435,649.015075684,201.232833862,595.078918457 catme
212.223937988,601.983947754,216.057952881,654.290344238,238.513977051,652.644348145,234.679962158,600.33795166 傅延龄
235.894744873,601.39276123,242.161621094,687.27911377,264.405639648,685.656066895,258.138763428,599.769714355 密码锁1个
